0   0   0   0   0   0   0   0   0   0
15.2 20.5 0   0   0   0   0   0   0   0
0   0   0   0   0   0   0   0   0   0
10.1 5.5  13.3 0   0   0   0   0   0   0
0   0   0   0   0   0   0   0   0   0
8.0  9.5  12.2 0   0   0   0   0   0   0
0   0   0   0   0   0   0   0   0   0
30.0 25.5 10.0 5.5  0   0   0   0   0   0
0   0   0   0   0   0   0   0   0   0
20.3 0   0   0   0   0   0   0   0   0
0   0   0   0   0   0   0   0   0   0
12.5 15.0 0   0   0   0   0   0   0   0
0   0   0   0   0   0   0   0   0   0
10.0 20.0 25.0 30.0 0   0   0   0   0   0
0   0   0   0   0   0   0   0   0   0
5.5  10.0 15.0 0   0   0   0   0   0   0
0   0   0   0   0   0   0   0   0   0
18.0 22.0 0   0   0   0   0   0   0   0
0   0   0   0   0   0   0   0   0   0
25.0 30.0 35.0 0   0   0   0   0   0   0
0   0   0   0   0   0   0   0   0   0
14.0 16.0 14.0 16.0 14.0 16.0 14.0 16.0 14.0 16.0
0   0   0   0   0   0   0   0   0   0
0   0   0   0   0   0   0   0   0   0
11.0 12.0 13.0 0   0   0   0   0   0   0
0   0   0   0   0   0   0   0   0   0
20.0 0   0   0   0   0   0   0   0   0
0   0   0   0   0   0   0   0   0   0
0   0   0   0   0   0   0   0   0   0
7.0  8.0  9.0  0   0   0   0   0   0   0
0   0   0   0   0   0   0   0   0   0